9985
9984
9983
9982
9981
9980
10209
10230
10234
10238
10248
10258
10266
10305
10326
10347
10368
10389
10410
9669
9825
9689
9690
9691
9735
9692
9693
9670
9242
9245
9243
10011
10010
10009
10008
10007
10006
10210
9780
9779
9778
10246
10256
10263
10306
10327
10348
10369
10390
10411
9661
9824
9694
9695
9696
9736
9697
9698
9671
9249
9252
9250
9799
9800
9801
9802
9803
9804
10211
9792
9791
9790
10244
10254
10264
10307
10328
10349
10370
10391
10412
9638
9823
9699
9700
9701
9737
9702
9703
9672
9304
9303
9302
10059
10144
10157
10170
10183
10196
10212
9662
9663
9664
10243
10253
10292
10308
10329
10350
10371
10392
10413
9777
9822
9776
9775
9774
9773
9772
9771
9770
9769
11225
11224
10142
10155
10168
10181
10194
10207
10213
9725
9726
9727
10275
10286
10299
10309
10330
10351
10372
10393
10414
9789
9821
9788
9787
9786
9785
9784
9783
9782
9781
11232
11231
10140
10153
10166
10179
10192
10205
10214
9719
9720
9721
10278
10289
10302
10310
10331
10352
10373
10394
10415
9665
9820
9718
9715
9712
9738
9709
9706
9683
9680
11042
11038
10138
10151
10164
10177
10190
10203
10215
9724
9723
9722
10277
10288
10301
10311
10332
10353
10374
10395
10416
9732
9819
9717
9714
9711
9739
9708
9705
9681
9678
11136
11135
10133
10146
10159
10172
10185
10198
10216
9743
9742
9741
10279
10290
10303
10312
10333
10354
10375
10396
10417
9731
9818
9716
9713
9710
9740
9707
9704
9682
9679
11043
11039
10136
10149
10162
10175
10188
10201
10217
9730
9729
9728
10276
10287
10300
10313
10334
10355
10376
10397
10418
9752
9817
9751
9750
9749
9748
9747
9746
9745
9744
11156
11155
10135
10148
10161
10174
10187
10200
10218
9442
9441
9440
10270
10281
10294
10314
10335
10356
10377
10398
10419
9520
9609
9504
9500
9496
9531
9492
9488
9455
9461
10853
10852
10134
10147
10160
10173
10186
10199
10219
9519
9518
9517
9571
10271
10282
10295
10315
10336
10357
10378
10399
10420
9543
9610
9542
9541
9540
9539
9538
9537
9536
9535
10860
10859
10132
10145
10158
10171
10184
10197
10220
9534
9533
9532
10274
10285
10298
10316
10337
10358
10379
10400
10421
9521
9611
9505
9501
9497
9530
9493
9489
9466
9463
10739
10735
10137
10150
10163
10176
10189
10202
10221
9513
9512
9511
10272
10283
10296
10317
10338
10359
10380
10401
10422
9522
9612
9506
9502
9498
9529
9494
9490
9465
9462
10835
10834
10139
10152
10165
10178
10191
10204
10222
9508
9509
9510
10273
10284
10297
10318
10339
10360
10381
10402
10423
9447
9613
9507
9503
9499
9528
9495
9491
9467
9464
10738
10734
10141
10154
10167
10180
10193
10206
10223
9514
9515
9516
10269
10280
10293
10319
10340
10361
10382
10403
10424
9580
9614
9579
9578
9577
9576
9575
9574
9573
9572
10939
10938
10058
10413
10156
10169
10182
10195
10224
9444
9445
9446
10241
10251
10291
10320
10341
10362
10383
10404
10425
9568
9615
9567
9566
9565
9564
9563
9562
9561
9560
10932
10931
9591
9592
9593
9594
9595
9596
10225
9583
9582
9581
10242
10252
10262
10321
10342
10363
10384
10405
10426
9417
9616
9483
9484
9485
9527
9486
9487
9454
8984
8983
8982
9998
9997
9996
9995
9994
9993
10226
9571
9570
9569
10245
10255
10261
10322
10343
10364
10385
10406
10427
9443
9617
9478
9479
9480
9526
9481
9482
9453
8927
8930
8928
